,refs,trans,model_corrected
0,hello my names amy kousha im one of the gastroenterology doctors at the clinic today can you tell me your name and date of birth please ,hello my names amy kosher im one of the gastroenterology doctors at the clinic today can you tell me your name and date of birth please,False
1,my name is bide and my date of birth is first of january of 1990 ,my name is abide and my date of birth is first of january off 1990,False
2,so bide i understand that you went to see your gp with some changes in your bowel habit can you tell me some more about those symptoms ,so whyd i understand that you went to see your gp with some changes in your bowl have it can you tell me some more to buy those symptoms,False
3,ive been having loose stools diarrhoea for the past few months and i went to my gp ,ive been having loose twos dia beerfor the past few months and i went to my gp,negative
4,okay so prior to three months would you say that your bowel habit was normal ,okay so im prior to city months would you say that your battle have it was normal,negative
5,and have you been passing any blood in your bowel motions ,on have you being passing any blood in your bell motions,negative
6,yeah i do i do get blood in my bowel and my stool and its kind of mixed with the stool ,yeah i do i do get blood in my mouthon my stool and its kind of mixed with this too,False
7,and has the blood passage of blood been going on for a few months as well or has that been a more recent change ,andi has the blood passage of blood being going on for a few months as well or has that been a more recent change,False
8,um that has been happening more recently ,and that has been happening more recently,negative
9,okay and have you noticed any mucus as so that white stringy substance being passed in your stool ,okay and have you noticed any mucous eso thats white stringing substance being passed in your studio,negative
10,yeah now that you mention it yeah i do i do noticed that ,yeah now that you mention it i do i do know is that,False
11,and what about your weight ,and what about your wit,negative
12,so yes it seems like ive lost a little bit of weight simply because my clothes are loosened i havent actually measured it but i people do tell me that ive lost weight ,so yes it seems like ive lost a little bit off wait simply because my clothes are looser nowi havent actually measured it but i people do tell me that ive lost weight,negative
13,okay and have you noticed any abdominal pain ,okay and have you noticed any abdominal pain,negative
14,yeah i do get a lot of abdominal cramps stomach cramps and thats been also getting worse recently ,yeah i do get a lot off abdominal crowned stomach crampsand thats been also getting worse recently,False
15,and can you tell me when your abdominal pain is worse ,can you tell me when your abdominal pain is worse,negative
16,it seems like its worse just before going to the toilet and then once i opened my bowels its better ,it seems like its worse just before going to the toilet and then once i opened my blouse better,negative
17,okay and is it very severe or is it just mild cramping ,okay on dhis it very severe or is it just mild cramping,negative
18,i wouldnt say its severe that i have to be bend double but it is not mild it is moderate perhaps ,i wouldnt say its severethat i have to be been double but it is not mine it is this 100 perhaps,negative
19,okay and have have you had any episodes like this before of diarrhoea and blood been passed ,okay on dh have have you had any episodes like this before off look diarrhoea on blood being passed,negative
20,no i think its been all in the past few months before that i had no problems with my bowel motion ,no i think its been all in the past few months before that i had no problems with my bow emotion ,negative
21,okay and have you noticed any joint pains ,on dh have you noticed any joint pains,negative
22,maybe some pain in my knees especially my right knee ,maybe some pain in my knees especially my right knee,negative
23,but no not anywhere else ,but no not anyone else,negative
24,any rashes or skin changes that youve noticed ,any rashes or skin changes that youve noticed,negative
25,and any problems with nausea or vomiting or swallowing ,any problems with nausea or vomiting or swallowing,negative
26,okay so i understand that your gp started you on some steroids is that right ,okay so i understand that your gp started you on some steroids is that right,negative
27,yeah so thats correct my gp started me on some steroid tablets which made me feel better initially but its not completely back to normal ,yeah so thats correct my gp started me on some steroid tablets which made me feel better initially thats not completely back to normal,inaccurate
28,okay and do you have any other medical conditions ,okayah nde do you have any other medical conditions,negative
29,um i suffer from asthma for which id taken inhalers okay nothing else ,and i suffer from asthma for which id taken healers okay nothing else,False
30,and do you smoke ,do you smoke,negative
31,uh yeah i do ,uh yeah i do,negative
32,how many do you smoke a day ,hi many do you smoke a day,False
33,perhaps about 10 a day ,perhaps about the other day,negative
34,and do you drink alcohol ,and do you drink alcohol,negative
35,only socially ,only socially,negative
36,okay and is there any family history that you feel might be important and significant medical problems in your family ,okay on is there any family history that you feel might be important and significant medical problems in your family,negative
37,uh my my mom had bowel problems but she died a few years ago of a heart attack ,uh my my mom had about problems but that she died a few years ago off a heart attack,incorrect
38,okay and any allergies ,on any allergies,negative
39,no i do not have any allergies ,no i do not have any allergies,negative
40,and are you working at the moment ,and are you working at the moment,negative
41,yeah i actually work in university ,yeah i actually work in university,negative
42,okay so do you have any ideas as to what might be the cause of your symptoms at the moment ,so do you have any ideas as to what might be the cause of your symptoms at the moment,negative
43,not really i dont know what may be happening but whether its even related to my moms condition but i dont know exactly what she had ,and no really i didnt knowwhat may be happening but whether its even related to my but moms condition but i dont know exactly what she had,False
44,so its from the history that youve given me it sounds like you might have a condition called inflammatory bowel disease which your gp may have mentioned but in order to diagnose you with this we will need to do some further tests and investigations to confirm that diagnosis ,its from the history that youve given me it sounds like you might have a condition called inflammatory bowel disease which your gp may have mentionedbut in order to diagnose you with this we will need to do some further tests and investigations to confirm that diagnosis,False
45,so to start rest id like to examine you today and do some basic measurements like blood pressure and heart rate and temperature and i would also like to get some routine blood test and arrange some stool tests as well to send off to the labs does that sound okay to you ,so to start rest id like to examine you todayah nde do some basic measurements like blood pressure and heart rateim came pictureandi i would also like to get some routine blood tests on dev in some stew tessas well to send off to the labsdoes that sound okay to you,False
46,yeah could you tell me a little bit more about inflammatory bowel disease is it something that i could be treated and cured off or ,yeah could you tell me a little bit more about inflammatory bowel diseaseis it something that i could be treated in cuba for,negative
47,so there are two main types of inflammatory bowel disease both types are chronic which means that you know you will have them lifelong but we can use medications to improve the symptoms and to try and normalise your bowel habit as much as possible ,so there are two main types of inflammatory bowel disease both types are chronic which means that you know you will have them lifelong but we can use medications teo improve the symptoms on to try and normalise your battle habit as much as possible,negative
48,i dont know at the moment which type of inflammatory bowel disease you have whether its ulcerative colitis or crohns disease and thats why well require a colonoscopy which is a camera test it goes up the tail end and we take some photographs on some biopsies to look at the lining of the bowel to try and decide which type of inflammatory bowel disease you have okay does that sound okay to you ,i dont know at the moment which type of inflammatory bowel disease you have whether its ulcerative colitis or croons diseaseand thats why well require a colonoscopy which is a camera test it goes up the tail end on we take some photographs on some biopsiesto look at the lining of the barrel to try and decide which type of inflammatory bowel disease you have okay does that sound okay to you,False
49,okay so ill arrange those those tests for you and then well see you back in clinic in around eight weeks time ,so ill arrange those those tests for you and then well see you back in clinic and around it im,False
50,okay thank you,thank you,negative
51,hello my name is amy im one of the gastroenterology doctors can i take your name please,hello my names amy im honest gastroenterology doctors can i take your name please ,negative
52,sure its ally cotter ,sure its anne coulter ,negative
53,and so youre youve come to the ibd clinic today and you want to tell me what kind of symptoms youve been having ,on dh youve come to the i v d clinic today do you want to tell me what kind of shit claims youve been having ,False
54,um for the last few months probably three months ive been having quite a lot of bloody diarrhoea um and i think ive noticed some weight loss as well ,and for the last few months probably 30 months ive been having quite off bloody diarrhoea and andi i think i know some weight loss is well,False
55,okay and when youve noticed the blood has it been mixed in with your stool or has it been just wiping or,ok when youve noticed the blood has it being mixed in with your stewart hasnt bean just wiping or ,negative
56,mixed in yeah ,mixed it yeah ,negative
57,yeah okay and how much weight do you think youve lost ,how much do you think youve lost ,negative
58,im not sure probably four or five kilograms as well its also the diarrhoea i also get some pain as well ,im not sure probably 45 kilogrammes as well its also the diary i also get some peyton as well ,False
59,okay and is the pain just there when youre moving your bowels or is it there all the time ,okay on its opinion just there when youre moving your bells are there all the time ,negative
60,um no its just kind of cramping comes and goes ,and i know its just kind of cramping comes and goes ,negative
61,okay and hows your appetite been ,okay hows your appetite being ,negative
62,um not great actually yeah its been reduced ,a not great actually he has been reduced ,negative
63,yeah any problem with swallowing or mouth ulcers or anything like that ,yeah any problem swallowing are my cell service or anything like that ,False
64,okay and is there any family history of anything ,okay and is there any family history of anything ,positive
65,um my moms dads my grandfather has ulcerative colitis ,and my moms dodds and my grand grandfather has ulcerative colitis ,False
66,so i think hes had some problems with his bowels ,so i think you sense and problems with this ,negative
67,okay and have you ever had bowel problems before this has happened ,okay on have you ever had problems before they happen ,negative
68,no okay and are you working at the moment or ,no okay andi are you working at the moment or ,False
69,um im a student ,a m a student ,negative
70,youre a student okay and i know you havent had any bowel problems in the past have you had any other medical conditions ,your student okay on dh i havent had any problems in the past have you had any other medical conditions ,False
71,um no im just asthmatic ,and you know i just lost my head ,negative
72,and have you noticed any skin changes or joint pains ,and have you noticed any skin changes or joint pains ,negative
73,ive had some rashes on my shins but theyre theyre not itchy or anything they didnt bother me ,ive got some rats is formations but there were no its you anything ,negative
74,okay okay and have they sort of come and gone a bit or have they ,okay okay that they should have come and gone a day or has a ,negative
75,yeah okay and whats your understanding so far of what investigations youve had ,yeah okay on dh whats your understanding so far what investigations youve had ,negative
76,um well ive had the camera test and i think theyve done some tests on my stool as well and im just kind of in the dark waiting to hear kind of whats been happening ,and well ive had the camera test and i think theyve done some tests on my still a swell i just kind of in the dark waiting to hear can cause harm me ,False
77,okay so your stool cultures have been negative so thats the exclude any infective cause of your diarrhoea and obviously youve had your colonoscopy and we took some biopsy results and so that sort of confirms the diagnosis of something something called ulcerative colitis which is a type of inflammatory bowel disease i dont know if youve heard of those terms before ,okay so your stew cultures have been negative so thats to exclude any infected because of your idea on obviously youve had your colonoscopy and we took some biopsy results so that sort of confirms the diagnosis of something something called ulcerative colitis which is a type of inflammatory bowel disease i dont know if youre imperative those terms before ,False
78,ive heard my granddad having it but i havent i dont know much about it ,i think about my granddad having it happened i didnt ,False
79,okay so its sort of chronic inflammatory disease affecting predominantly the bowel but it can affect other parts of the body like skin joints sometimes even the eyes um but thats more unusual um so we were planned to start you on some steroids initially to try and reduce the inflammation down and also medication called pentasa which is a maintenance therapy um so have you had any steroids at all yet from your gp or ,okay so its a chronic inflammatory disease affecting predominantly the barrel but it cant affect other parts of the body like skin joints sometimes even eyes on dh thats more unusual so we plan to start you on some standard initially to try and reduce the information down on also medication called taesa which is a maintenance state a p so have you had any standard to tell yet from your gp or,False
80,no okay so well get you started on those and then arrange to see you back in clinic in a couple of weeks time to see how youre getting on okay have you got any questions youd like to ask about that or ,no no okay so well get you started on those on then arrange to see you back in clinic and a couple of weeks time to see how youre getting on okay if you got any questions youd like to ask about that are ,False
81,um so this maintenance treatment like how long do you think i need to be on that for ,to this maintenance treatment like how long do you think i need to be on that for ,negative
82,so everyones a little bit different in terms of how their disease course progresses um some people are you know very well controlled on therapy for for years and some people have a bit more of a rough ride and require other medications to be added in as well so well keep you on it for you know at least the first year or so and then well review things after that and but also with colitis is a chronic long term condition that youll have for the rest of your life and have to sort of learn to live with as well but theres lots of support available for you as well so ,so everyones a little bit different in terms of high their disease course progresses and some people are you know very well controlled on therapy for years and some people have a more rough ride and required other medications to be added in a swell so well keep you on it for you know at least if our year or so on them will give you things after that on the ulcerative colitis is a krone along parent condition that you have for the rest of your life i have to sort of learn to live with as well but theres lots of support available or soon ,negative
83,yeah thank you very much ,yeah thank you very much ,negative
84,okay thank you,okay thank you,negative
85,hello im amy im one of the gastroenterology doctors can i take your name and date of birth please,hello im mainly i wanted to gastroenterology doctors can i take your name and date of birth please,False
86,yeah sure its annie caldwell and its the second of february 1982,yeah sure its anne caldwell on its the second of february 1982,False
87,great thank you and so what brings you to clinic today annie,great thank you so what 22 clinic today on me,negative
88,um so i have crohns and i have had for many years,so i have cones and i have had for many years,False
89,for about 20 years now um and ive tried loads of treatments for this and recently its been quite well controlled but recently my bowels have been kind of more watery and ive been going more frequently and im just feeling really tired and lethargic and exhausted um so and ive had to take time off work actually,yet proven 20 years now and ive tried loads of treatments for this on dh recently its been quite well controlled but recently my bowels of being kind of more water and ive been going more frequently im just feeling really tired lethargic and exhausted and so ive had to take time off work actually,False
90,okay oh im sorry to hear that so i know that youve previously been on a combination of steroids and azathioprine and now youre on something called adalimin adalimumab,okay im sorry to hear that so i know that youve previously been on a combination of steroids and a society on dh now youre on something called outer limit of the little love,negative
91,yes thats right,yes right,positive
92,and how have you been getting on that,on dh how have you been getting on on that,negative
93,um its been fine its like my symptoms have been well controlled and ive been getting on fine with my life but it just seems to be recently that its kind of my symptoms kind of come back again but i dont really know whats been happening,and its been finest like my symptoms have been well controlled and ive been getting on fighting with my life just seems to be recently that is kind of my symptoms could come back to me bets i dont really know whats been happening,False
94,okay and are you managing to take your injections regularly,okay you managing to take your injections regularly,negative
95,at home and things any problems with the injection sites,woman thinks any problems at the injection sites,False
96,no no,no,negative
97,im usually quite good of my treatments,im usually quite good of my treatments,negative
98,okay and have you noticed any blood in your bowel motion or is it just very watery,ok and have you noticed any blood in your body motion or is it just barely walk today,negative
99,no no blood actually just kind of watery going more often,no no blood actually just came out watering going more often,negative
100,and any abdominal pain,on any abdominal pain,negative
101,yeah i do have pain its quite mild though,yeah i do have pain its quite mild though,negative
102,ive always kind of had pain throughout my life and my tummy so its its not unusual for me and kind of combination with everything else,ive always kind of had pain throughout my life and my tommy so its its not unusual for me in kind of combination with everything else,False
103,okay yeah and i know youve got a background of rheumatoid arthritis as well is that flared up recently or has that been okay,okay yeah andi i know youve got about grand of rheumatoid arthritis as well is that flared up recently are as upbeat okay,negative
104,no its been okay my rheumatoids quite well controlled as well yeah,no its been ok my deltoids quite well controlled us well here on,negative
105,and what medication are you taking for that,what medication are you taking for that,negative
106,um just ibuprofen,and just proven,negative
107,yeah just that,yeah just okay,negative
108,okay and are you using that quite regularly or,using that quite regularly or no,negative
109,um no as again its been okay yeah,man its been okyeah,negative
110,okay and whats your weight being doing,ok and i watch your wave being doing and,negative
111,um ive lost a wee bit of weight actually,better way,negative
112,yeah okay,okay,negative
113,and so do you have any sort of ideas what might be going on yourself or any concerns at this point,here so do you have any ideas what might be going on yourself or any concerns at this point,negative
114,yeah im a bit worried just because its been so well controlled for few years now im worried that my is my adalimumab stopped working or is something else causing my symptoms,yeah right just because its been so well controlled for a few years now im worried that my is my idol um ahmad stop working or its something else causing my symptoms,False
115,or what do you think,or what do you think,negative
116,yeah so theres a few things that might be going on to know we only need few different tests so one of them youre right it could be that the adalimumab kind of lost its effectiveness which sometimes happens and we can test for that by doing a blood test to check for the level of the drug in your body and also um sometimes you could develop antibodies against the drug as well,so theres a few things that might be going on to will need to do a few different tests so one of them youre right it could be that the adult mobs kind of lost its effectiveness which sometimes happens andi contest for that by doing a blood test to cheque for the level of the drug in your body and also sometimes you can develop antibodies against the drugs well,False
117,and which can make it ineffective so we can easily check that and the other thing is that because youve had surgery in the past that can sometimes affect how something called the bile salts get reabsorbed um and sometimes that can cause diarrhoea if youve got high levels of bile salts in your bowel motions but thats quite easy to check for us well,on which can make it ineffective so we can easily cheque that on and the other thing is that because youve had surgery in the past that can sometimes affect how something called the bile salts re absorbed on dh sometimes that can cause diarrhoea if if you i got high levels of bio salts and in europe emotions on but thats quite easy tio cheque for a swell on,False
118,and of course you need to also think about whether your disease is actually flaring up as well so the other thing well arrange to do is a faecal calprotectin in which youve probably done before,of course you need teo also think about whether your disease is actually floating up as well so the other thing will arrange to do is a fickle kyle protect in which you probably dont before,False
119,just a stool test to cheque for inflammation and the bowel so if thats high we might need to look at your medication and think about making some changes,just a stool test to cheque for inflammation and bow on so if thats high we might need to look at your medication and think about making some changes,False
120,do you have any questions about all of that quite a lot of information,do you have any questions about all of that got a lot of information,negative
121,yeah its okay if you do need to change my medication like what would be the next step,its okay if you do need to change my medication like what would be the next step,negative
122,so theres a few different options so there is a medication called and infliximab which is similar to adalimumab or we might look at you know switching you to a completely different drug um as well also also called the biologic different works in a different way in the bodies it is called vedolizumab but yeah i think first of all well get some up to date tests on first might need to get a ct scan or also an mri scan of your small bowel just to have a look and see if theres any inflammation in the bowel that might be you know causing your symptoms,so theres a few different options s so there is a medication called inflicts a map which is similar to other little mob or we might look at me you know switching you to a completely different drug ahs well also also called a biologic different works in a different way and the body its called beetle is a mob on dh but yeah i think first of all well get some up to the test on first might get a ct scan or also an m a nice kind of your small battle just to have a look and see if any on dh inflammation in the battle that might be causing your symptoms,negative
123,and i had surgery before my treatment wasnt working do you think thats a possibility in the future,and i had surgery before my treatment wasnt working do you think thats a possibility in the future,False
124,so i mean its always possible we have to always keep it at the back of our mind and hopefully they you know we can try and work out whats going on and that do something medically but yeah ofcourse we have to always think about surgery is as a possibility,so i mean its always possible they have to always keep it at the back of our mind and hopefully they you know we can try and work out whats going on that do something medically but of course we have tio think about it surgery is as a possibility,False
125,yeah but hopefully not,yeah but hopefully no,negative
126,yes definitely okay,yes definitely ok,negative
127,is that okay,is that ok,negative
128,yeah thats fine thank you very much for seeing me,yeah thats fine thank you very much for seeing me,negative
129,thank you,thank you,negative
130,so hello my names dr kosher im one of the gastroenterology doctors and this is the ibd clinic inflammatory bowel disease clinic can you tell me why youve been referred here today ,so hello my names dr ko show im one of the gastroenterology doctors and this is the ibd clinic and find your disease clinic can you tell me why your finger found here today ,False
131,yes so have been having this sort of that having diarrhoea for quite a while theres been a bit of blood in it as well have been a bit a bit concerned so went to see my gp and theyve sent me here ,yes so i have been having this and that i had diarrhoea for quite a while has bean blood in it as well shaking a little bit concerned so aunt seema gp and theyve theyve sent me here,False
132,okay and how longs that been going on for ,ok and how longs that been going on for ,negative
133,well its three months three month ,every three months three months ,negative
134,and prior to that where you well ,prior to that where you will ,negative
135,yeah ive been ive been absolutely ground before that yeah ,yeah ive been ive been absolutely ground before ,False
136,and how often would you say youre moving your bowels each day ,on how often would you say youre moving your battles each day ,negative
137,probably probably about three or four times i think you know ,and probably probably boats three or four times ,negative
138,three or four times okay has it ever been more than that ,okay has ever been more than that,negative
139,it was you know it has been a couple times where its been maybe four or five or six or so ,on it was you know it has been a couple times or its bean for five or six on ,False
140,okay and is the blood mixed in or is it just on white thing would you say ,is the blood mixed in or does it just on white thing would you say ,negative
141,yeah mixed in ,mexican ,negative
142,and if you had any abdominal pain ,and if you had any abdominal pain ,negative
143,yeah but its been yeah its been quite a kind of crampy crampy pain yeah ,yeah its bean has been quite a cram p trampy paid yet ,negative
144,okay um any other symptoms that youve had that you can think of ,okay andi other symptoms that youve had that you can think off ,negative
145,um ive noticed that my appetite have not really been eating eating as well as i used to ive got kind of funny rash on my my shin as well ,and i have ive noticed that my my appetite have not really been eaten eating as well as i used to ive got a funny rational machine as well ,False
146,okay when did that start ,ok when did that start ,negative
147,so that started about a couple months ago as well ,s o that starts in a couple months ago as well ,False
148,and do you have rashes anywhere else ,and do you have rashes anyone else ,negative
149,no its just on my shins ,no its just a machine ,negative
150,okay any other medical conditions that you have ,okay on any other medical conditions that you have ,negative
151,yeah i had ive got asthma but never really bothers me sometimes i have to take my blue inhaler ,yeah but ive got asthma but never really bothers me something you have to take my blue inhaler ,negative
152,okay and any other medications that youre taking ,okay on any other medications that youre taking ,negative
153,no any allergies ,no any allergies ,negative
154,um no ,and no ,negative
155,and have you got any family history of any significant medical conditions ,and if you got any family history off any significant medical conditions ,negative
156,yes my my grand my grand dad had ostrich colitis ,yes my mom my grandma my granda and had lost of colitis,incorrect
157,and any other anyone else in the family with inflammatory bowel disease ,on any other anyone else in the family with inflammatory battle disease ,negative
158,no i dont think so ,no i dont think so ,negative
159,okay so so far youve had some investigations done so weve taken some samples of your stool to make sure that theres no infection there and you also had a colonoscopy a couple of weeks ago did anyone go through the results with you ,okay so so far youve had some investigations done so weve taken some samples off your stool to make sure that theres no infection there on you also had a colonoscopy a couple of weeks ago that anyone go through the results with you ,False
160,no not really no ,and no not really no ,negative
161,so that we took some biopsies when we did the colonoscopy and it looks like you do have something called ulcerative colitis okay so they were in keeping with with that condition i dont know how much you know about inflammatory bowel disease or ulcerative colitis ,so that we took some biopsies when we did the colonoscopy on it looks like you do have something called ulcerative colitis okay so they were in keeping with with that condition i dont know how much you know about inflammatory bowel disease or ulcerative colitis ,False
162,i know wee bit because i have seen my grandma my grandfather had it i dont know i dont know a lot ,we better see my grand grand father i dont know i dont know a lot ,negative
163,okay so its what we call a chronic condition so its something that youre going to have life long unfortunately um but its a condition that we can control very well with medications in the vast majority of people so to start with well start you on a course of steroids i dont think youve had any from your gp yet but that should help to sort of calm down the inflammation in your bowel and then well get you started on some other maintenance therapies im going into details of that on at the next consultation do you have any questions about that just at the moment ,so its its what we call a chronic condition so its something that youre going tohave lifelong unfortunately but its a condition that we can control very well with medications in the vast majority of people so to start with well start you on a course of steroids i dont think you had any from your gp yet but that should help to sort of calm down the inflammation in your bedroom and then well get you started on some other maintenance data piece on will go into details of that at the next consultation um do you have any questions about that just to the movement ,False
164,um so um yeah sorry its just lot to take in ,um so um yeah i just saw it well look take it ,False
165,so how long will be on these steroids for is that for lifelong ,so how long will be only the steroids for is that for lifelong ,negative
166,so the steroids are normally just for 8 to 68 weeks until the inflammation has has died down ,so the standards are normally just for 6 to 8 weeks until the inflammation has stayed out on,negative
167,and hopefully your bowel have it should be going back to normal,hopefully your habit should be going back to normal on ,negative
168,and you should know its less blood as well if that doesnt happen with the steroids then we would want to know about that in case we need to do some further investigations but in terms of maintenance therapies that we talked about you will be on those for longer term and often people are on them lifelong or certainly for years depending on the course of their disease ,you should know its like blood as well and if that doesnt happen with the steroids then we would want to know about that in case we need to do some further investigations but in terms of maintenance state of peace that we talked about you will be all nose for a longer time and often people are on the lifelong or certainly for years depending on the course of their disease ,False
169,okay so and well also have to arrange some surveillance colonoscopy for you as well just to make sure that you dont develop other conditions that are associated with inflammatory bowel disease okay ,tio will also have todo some surveillance colonoscopy forget as well just teo make sure that you dont develop other conditions that unassociated with inflammatory bowel disease okay ,False
170,so well arrange it to see you back in clinic in about six weeks time for a review thank you,so were injured to see you back in clinic in about six weeks time i think of you ,negative
171,hello my name is dr kosher and im one of the gastroenterology registrars at the ibd clinic can i take your name please ,hello my names dr costa and one of the gastroenterology and greatest stars at the i v d clinic can i take your name please ,False
172,yeah its john smith ,yeah its a john smith ,negative
173,okay nice to meet you john so tell me whats been going on ,okay nice to meet you john so tell me whats been going on ,negative
174,well so ive had crohns quite a while now i was diagnosed in early early twenties but i just its been its been okay for a while but its just ive been feeling very just very tired and more lethargic less rested like a few weeks or so i have not been able to go to work i had to call in sick ive got the my bowels have been a bit more bit watery and ive been going a bit more often ,well so you havent croons quite a while now diagnosed early early twenties and but i just its bean is being ok for a while but its just being feeling very just very tired and mohr lethargic for last last like a few weeks or so you know ive not been able to go to work i had to call and set um ive got the look my balls are in a bit more a bit watery and ive been going a bit more often ,True
175,okay how often would you say youve been moving your bowels in the last few months ,okay how often would you say youve been moving your bills in the last few months ,negative
176,probably about three or four times a day so yeah ,probably about three or four times a day ,negative
177,okay and you said youve not noticed any blood in your bowel motions ,okay and you said youve not noticed any blood in your bio emotions ,negative
178,no theres been no blood its just been really watery ,no theres been no blood to be really water ,negative
179,okay and does that tend to be worse at night or during the day ,okay on dh is that does that tend to be works at night or during the day on dh ,negative
180,i wouldnt say that much of a difference really its sometimes im up in the night but sometimes its not every night ,wouldnt see that much of a difference released sometimes im up in the night but telling sees you know every night ,False
181,and have you been having any abdominal pain or cramping ,and have you been having any abdominal pain or cramping ,False
182,yeah wee bit of a cramping and abdominal pain its not been too bad but of often have this having abdominal pain i wouldnt say its too much different they are normal for me ,yeah we better for a club bombing pain its not being too bad but of often have this kind of hoping i wouldnt say its too much different than normal for me ,False
183,okay and if you noticed any skin rashes at all,okay and if you noticed any skin rash is a total ,negative
184,no no no nothing like that ,no no no ,negative
185,and i know that youve been on fortnightly adalimumab ,andi i know that youve been on fortnightly adelaida map ,False
186,and how hows that been going ,and how you had powers out going ,negative
187,yeah its been its been fine since yeah since i had surgery in 2015 and yeah ive been ive been okay since then but yeah its just kind of recently ive just not been feeling that great ,yeah its been its been fine since yeah since i had surgery 2015 has beena been okay since then but its just gonna be simply just not feeling that great,negative
188,okay and any problems at the injection sites sort of skin reactions or ,okay and any problems at the injection sites skin reactions are ,negative
189,no thats been fine ,no thats fine ,negative
190,okay and if you had any trouble with swallowing ,okay and if you had any trouble swallowing ,negative
191,no no no ,no calls ,negative
192,okay what about vomiting or feeling nauseated ,okay what about vomiting are feeling nauseated ,negative
193,i say i felt a wee bit a wee bit sick but ive not actually actually been sick ,and suddenly there you will be bet a wee bit sick but no actually not being safe ,False
194,okay and have you required any steroid courses from your gp recently,okay and have you acquired any standard courses from your gp recently ,negative
195,no not recently no ,uh no not recently no ,negative
196,okay okay and any other medical conditions that you have ,okay okay on any other medical conditions that you have ,negative
197,um yes ive got ive got arthritis and ive also got hay fever and asthma as well ,and yes ive got a car status and on and ive also got the fever and xmas well ,False
198,and any other medications that youre on other than the adalimumab  ,on any other medications that you dont other than the adult adam up ,negative
199,so i take i take some diclofenac thats for my my arthritis ,s o r take take cem cem dicle ven ac thats for mei mei like this ,False
200,all right okay ,okay okay ,negative
201,it helps my pain ,helps me ,negative
202,are you taking that regularly ,are you taking that regularly ,negative
203,id say so ,see so yeah ,negative
204,have you noticed any stomach upset with that ,have you noticed any stomach upset with that ,negative
205,i mean well i suppose i have to have this abdominal pain in my tummy so i dont know could that be could be connected to that,i mean well i suppose i do you have this abdominal pain in my tummy so i dont know it could be could be connected to that ,False
206,yeah possibly so we do find people here on long term nonsteroidal medications like diclofenac that kind of upset your stomach especially if youre not taking omeprazole or a medication like that with it so we need to be might need to address that do you have any insight or ideas about what might be causing your symptoms preferably the diarrhoea and the weight loss ,yeah possibly so we do find people here on long time non studio i dont medications that dick affair not can upset your stomach especially if youre not taking that medication like that with it we need to be might need to address that do you have any inside our ideas of what might be causing your symptoms lately the diet aeon ,False
207,and well i suppose i just assumed thats my crohns with that was being watery but i dont know about but do you think it could be anything else ,well i suppose i just assumed thats my crones with that was being watched me but i dont know about but do you think it could be anything else ,False
208,so yeah i think theres a few different things it could be i noticed that youve not had a colonoscopy for quite some time in fact not said to you shortly after you were diagnosed so we might need to look at repeating that i think in the first instance will get some blood tests off to check in inflammatory markers and we need to send some samples of your stool off to make sure theres no infection and also send off a special stool test called fecal calprotectin and thats to look for inflammation in your bowel that might be related to the crohns disease i think depending on what those are well maybe decide on whether you need another camera test up up the tail end to have a look at the lining of the bowel so i think thats thats what we are doing just at that the moment how does that sound to you ,so yeah i think theres a few different things it could be i noticed that you know had a colonoscopy for quite some time in fact know said teo shortly after you were diagnosed we might need to look att repeating that i think in the first instance well get some blood tests off to take inflammatory markers we need to send some samples of your stool off to make sure theres no infection and also send off a special student test called faecal cal protected on thats to look for inflammation in your babble that might be related to the crew is disease i think depending on what those are well maybe deciding whether you need another camera taste up up the tail and have a look at the lining of the boat no and so i think thats probably doing just the moment tigers outside you ,negative
209,yeah i mean yes yeah thats thats all right yeah i just yeah i didnt really think could be getting all these tests and things quite a lot to take in ,yes was yes thats thats all right i just i didnt really think youd be getting all these tests and things here quite looks taken,False
210,of course, ,negative
211,but yeah i understand ,you understand ,negative
212,any other questions ,any other questions ,negative
213,yeah do you think i need to change my medication to something else ,you think i need to change my medication to something else ,negative
214,so one of the things we can do is to check the level of the medication in your blood called the adalimumab profile or checking the antibodies and the level of the drug but at the moment i wouldnt change you from your adalimumab just until weve got a bit more information about whats going on ,so one of the things we can do is cheque the level of the medication and your blood im called adeline a mob profile or checking antibodies and the level of the drug but at the moment i wouldnt change you from your tabloid just until weve got a bit more information about whats going on ,False
215,okay you think i might need more surgery ,okay you think i might need more surgery ,negative
216,well again it depends a little bit on the investigations we might you know depending on what they show we might need to go on and get mri scan of your bowel just to have a look and make sure there arent any other points of narrowing in the bowel like you had last time if thats the case then we might need to look at surgery but thats a lot further down the line for a moment okay ,well again it depends a lot of it on the investigations we might you know depending on what they sure we might need to go on and get an m r i scan of your battle just to have a look and make sure there arent any other points of nattering and the guy will like you had last time if thats the case then we might need to look surgery but thats further down like a woman okay ,False
217,thank you,thank you,negative
218,hello my names amy i am one of the gastroenterology doctors can i take your name ,hello my names am i am one of the gastroenterology doctors can i take your name ,negative
219,its rachel brown ,its rachel brown ,False
220,okay nice to meet you rachel so tell me why youve been referred to the gastroenterology clinic today ,okay nice to meet you rate show so tell me and why have you been unfair to the gastroenterology clinic today ,negative
221,so for the past three months ive had a lot of diarrhoea and sometimes its quite bloody as well and its scaring me now ,so for the past three months ive had a lot of diarrhoea and sometimes its quite bloody a swell its scaring me now ,False
222,oh and have you ever had anything like that in the past ,have you ever had anything like that in the past ,negative
223,over the past few years id say its been a bit iffy and intermittently having diarrhoea but its been worse over the past three months ,over the past few years that says being a bit faa um intermittently having diarrhoea but being waris over the past three months ,negative
224,okay and that you are passing blood each time ,okay and that youre passing blood each time ,negative
225,most times and its mixed with the stool and sometimes i see clots and things as well ,most times and its mixed with still sometimes i see clock some things ,negative
226,okay have you noticed any mucus in your bowel motions ,okay have you noticed any mucus in your bible moshe ,negative
227,yeah theres a lot of mucus ,has locked me on ,False
228,and does that been the case for quite a few months as well ,that being the case for quite a few months as well ,negative
229,okay and hows your weight been ,okay and how is your weight being ,negative
230,so ive lost quite a lot of weight recently my my parents are really worried about that ,so ive lost quite a lot of weight recently my my parents are really worried about ,False
231,okay are you eating well ,okay are you eating well ,negative
232,id say im eating well but i just i just dont seem to keep my weight up ,id say im eating well but i just i just cant seem to keep my game ,True
233,and any abdominal pain or discomfort ,and any abdominal pain or discomfort ,negative
234,yeah i get quite a lot of abdominal pain its quite crampy just before i need to open my bowels ,yeah i get quite off abdominal pain is quite cramp you just before any from my bowels ,negative
235,okay right and has the pain got worse do you think or stayed about the same ,okay right andi has the pain got worse teething or stayed about the same ,negative
236,i think its stayed about the same ,thing that stayed about the same ,negative
237,and how often are you moving your bowels each day ,on dh how often are you moving your battles each day ,negative
238,about six times a day id say ,about six times a day id say ,negative
239,no no blood but ive just been feeling very tired all the time quite lethargic ,no logic but ive just been feeling very tired all the time quite look far yet ,negative
240,okay and have you been to see your gp about any of this ,okay and have you been to see your gp about any of this ,negative
241,okay if you had any blood check recently or ,okay if you had any blood checked recently or ,negative
242,okay and so just tell me i know you are on adalimumab and how it has been for you ,okay and she just tell mae i know youre on adeline a mat and harry has that bean for you ,negative
243,so initially i felt that the adalimumab really made a big improvement kind of get my life back yeah now its i think its wearing off ,so initially i felt the absolute ive really made a big improvement on kind of get my wife back yeah now its i think its wearing all ,negative
244,okay and are you pretty good at taking it ,okay and are you pretty good at taking it ,negative
245,yeah im good at taking it  i always take it at every fortnight ,i take it i always say every fortnight ,False
246,okay and any abdominal pain ,okay on dh in the abdominal pin ,negative
247,yeah i do get some pain but ive had that for quite a long time now ,yeah i do get some pain but i held out for quite a long time now ,False
248,its been getting any worse recently ,iss been getting any more smoking lee ,False
249,okay and any other medical conditions that you have ,okay and any other medical conditions that you have ,negative
250,so ive got arthritis and hay fever and asthma as well ,so ive got arthritis isnt on hay fever xmas well ,False
251,okay and are you on any medications for those things ,ok and they youre on any medications are those things ,negative
252,just ansaid for my arthritis ,just end sets for my arthritis ,negative
253,okay are you taking those regularly or ,okay are you taking those regular they are ,negative
254,just kind of as when i need them i dont really like taking them ,just kind of awesome when i need them i dont really like taking them ,positive
255,sure okay and do you have any sort of questions at the moment as to what might be going on or ,here okay um ah nde do you have any sort of questions at the moment as to what might be going on or ,negative
256,what do you think is causing my symptoms of the moment ,what do you thinks causing my symptoms moment ,negative
257,so theres a few different things that could be going on one of them could be that as you sort of alluded to yourself that you might be coming your bodys not responding as well to the adalimumab so one of the things that well do today is check the levels of the drug in your body to make sure that your body is handling it as it should be it could also be that your crohns disease is a bit more active than usual so one of the things that we can do for that is check up fecal calprotectin which you will probably have had done before ,so theres a few different things that could be going on one of them could be that as you have alluded to yourselves that you might be coming your bodys not responding as well to the other lindholm abso one of the things that well do today is cheque the levels of the drug in your body to make sure that your bodys handling it as it should be it could also be that youre croons disease is a bit more active than usual so one of the things that we can do for that as checkup faecal cal protected which youll probably have had done before ,negative
258,and thats just a stool test to check the inflammation we also need to send some samples off to make sure theres no infection there as well and well do some bloods to make sure you are not a knee make or needing any sort of a placement of your electrolytes okay what how does that sound to you ,on dh thats just a stool test to cheque for inflammation we also need to send some samples off to make sure theres no infection there as well andi will do some bloods to make sure you know any make or needing any sort of policemen of your electrolytes um what how does that sound to you ,False
259,you know that sounds fine im just worried that ill need to change my medication and ive been getting on quite well with the adalimumab ,you know that sounds fine just worried that ill need to change my medication ive been getting along quite well with the ad alone ,False
260,so just a bit worried about that ,just a bit worried about that ,negative
261,must be a bit disappointing when its been working so well ,must be a bit disappointing when its been working so well ,negative
262,okay i think well first of all get these basic investigations off it might be that we need to go on and get some more imaging of your abdomen in terms of mri scans or ct scans and also do a camera test or a colonoscopy to have a look at the tail end but well start with the basic investigations first and then we can decide about medication after does that sound okay ,okay i think well first of all get these basic investigations off it might be that we need to go on and get some more imaging of your abdomen in terms of m r i scans or ct scans and also dio camera test or a colonoscopy to have a look at the tail end but well start with the basic investigations first and then we can decide about medication after does that sound okay ,False
263,yeah that sounds fine just also worried that i might need more surgery again ,yeah that sounds fine just or so boring that i might need more surgery again ,False
264,okay what what makes you worried about needing surgery in particular ,okay what what makes you what a divine needing surgery in particular ,positive
265,just took me quite a long time to recover last time ,just took me quite a long time tio recover lost time ,negative
266,i just dont want more surgery ,i just dont want more cider ,negative
267,well it usually is a last resort for the people with inflammatory bowel disease so well do what we can with medication and hopefully you respond there are things we can do with your adalimumab to increase its dose or increase the frequency as well so there there are definitely other options other than surgery at the moment ,well it usually is last years work for people with inflammatory bowel disease so well do what we can with medication hopefully you respond there are things we can do with your other little mob teo increase its doors or increase the frequency as well so there are definitely other options other than surgery at the moment ,negative
268,yeah that sounds fine thank you ,yeah sounds break it,negative
269,and is that been the case overnight as well or just during the day ,on does that mean the case overnight as well or just during the day ,negative
270,id say usually have to get up about once a night ,id say usually have to get up about once a night ,negative
271,to go to the toilet ,to go to the toilet ,negative
272,and any vomiting or problems with swallowing ,on any vomiting or problems were swallowing ,negative
273,and any other medical conditions that you have ,on dh any other medical conditions that you have ,false
274,okay you are on any medications from your gp ,okay you on any medications from your gp ,negative
275,any allergies ,any allergies ,negative
276,not that i know of ,know that i know ,negative
277,no okay and any family history of anything ,i know on any family history of anything ,negative
278,yeah my moms got ulcerative colitis ,yeah my moms got ulcerated claytor ,negative
279,okay and is she well with that or is she on medications ,okay andi is she well with that or shell just take medications for that ,negative
280,okay and so whats your understanding of of whats been going on so far ,okay on dh so whats your understanding ofthe off whats been going on so far ,negative
281,so im worried that ive got colitis as well ,so im worried that ive got quite a okay okay ,negative
282,does your moms experience make you more concerned about that or ,does your moms expedient to make you more concerned by that ,False
283,a little bit because she sometimes has a flare ups ,are im a little bit because she sometimes flare ups ,False
284,and that could be quite unwell with that so im quite worried but thats whats going to happen to me as well ,could be quite a while with that so im quite worried that thats whats going on ,unacceptable
285,okay so at the moment we need to take some stool cultures from you i think youve had some sent but we need to send a couple more just to exclude any infection we also need to arrange an urgent colonoscopy for you so that im sure your mom have had one of those before so its basically a camera test it goes into your bowel and has a look and we take photographs and take biopsies to try and diagnose you with what we think is inflammatory bowel disease okay there are a couple of different types of inflammatory bowel disease so one is called ulcerative colitis like your mom has and the other one is called crohns disease and so they are similar in many ways but there are key differences in terms of how we manage people so thats what well do at the moment for today well start you on something called pentesia which is to try and help reduce any inflammation in the bowel and then once we get a formal diagnosis from biopsies and things well hopefully aim to start you on some steroids to reduce the inflammation okay does that sound okay ,so at the moment we need to take some stew cultures from you i think youve had some scent but we need to send a couple more just to exclude any infection and we also need to arrange an urgent colonoscopy for u s o that said im sure your mum both had one of those before so its basically a camera test it goes in to your bow and has a look and we take photographs and take biopsies to try and and diagnose you with what we think is inflammatory bowel disease ok there are a couple of different types of inflammatory bowel disease no one is called ulcer to collect us like your mom has and the other ones cole croons disease and so they are similar in many ways but there are key differences in terms of how we manage people and so thats what well be at the moment for today well start you on something called fantasia which is to try and help reduce any inflammation in the barrel on dh then once we get a formal diagnosis from biopsies and things well hopefully in to start you on some steroids to reduce the inflammation does that sound okay ,negative
286,yeah that sounds okay ,yeah that sounds okay ,negative
287,do you have any questions about all of that or ,do you have any questions about old that are so well ,negative
288,so do i have to be on medications forever ,i have to be on medications forever ,negative
289,so its very dependent on the patient or on the person who some people respond very well to initial therapy and they might remain well for years with a normal bowel habit and will kind of see you or speak to you from clinic you know maybe every six months for a year to see how youre getting on and decides if you can come off medication so some people stay on medication lifelong and some people manage to come off it ,so its very dependent on the patient or on the persons who some people respond very well to initial sad api and they might remain well for years with a normal bow habit on will kind of see you are speaking from clinic you know maybe you every six months or a year to see how youre getting on and decides if you can come off medication to some people stay on medication lifelong and some people managed to come off it ,False
290,okay that sounds fine ,yeah that sounds fine ,negative
291,okay great ,okay great ,negative
292,so ill go and arrange your series of investigations,so i got rangers videos investigations,negative
293,hello my names amy im one of the gastroenterology doctors at the ibd clinic can i take your name ,hello my names amy yemen is a gastroenterology doctors at the i v d clinic can i take your name ,False
294,its rachel brown ,its rachel brown ,negative
295,nice to meet you rachel so i know that youre quite well known to our clinic so we see every year or so but were seeing you slightly earlier than usual can you tell me why that is whats been going on ,nice to meet you rachel so i know that youre quite well known to our clinic so we see you every year or so but were seeing you slightly earlier than usual can you tell me why that is whats been going on ,False
296,so for the past kind of probably two months i noticed my bowels are going more frequently and its lot more watery than it used to be ,so for the past kind of probably two months i move my bowels are going more frequently and its a lot more watery than it used to be ,False
297,i havent noticed any blood but just the frequency is starting to become quite concerning ,i havent noticed any blood but just the frequency is starting to become quite concerning ,negative
298,okay and if so have you noticed any blood at all or ,okay and you should have you noticed any bloody toll or ,negative
